{
 "cells": [
  {
   "cell_type": "code",
   "execution_count": 1,
   "metadata": {
    "collapsed": false
   },
   "outputs": [
   ],
   "source": [
    "import numpy as np\n",
    "import matplotlib.pyplot as plt\n",
    "import pandas as pd\n",
    "import seaborn as sns\n",
    "import statistics\n",
    "import plotly.express as px\n",
    "import plotly.graph_objects as go\n",
    "import numpy as np\n",
    "import matplotlib.pyplot as plt\n",
    "from plotly.offline import iplot\n",
    "import warnings\n",
    "warnings.simplefilter(action='ignore', category=FutureWarning)\n"
   ]
  },
  {
   "cell_type": "markdown",
   "metadata": {
    "collapsed": false
   },
   "source": [
    "### Data Loading\n",
    "\n"
   ]
  },
  {
   "cell_type": "code",
   "execution_count": 41,
   "metadata": {
    "collapsed": false
   },
   "outputs": [
    {
     "data": {
      "text/html": [
       "<div>\n",
       "<style scoped>\n",
       "    .dataframe tbody tr th:only-of-type {\n",
       "        vertical-align: middle;\n",
       "    }\n",
       "\n",
       "    .dataframe tbody tr th {\n",
       "        vertical-align: top;\n",
       "    }\n",
       "\n",
       "    .dataframe thead th {\n",
       "        text-align: right;\n",
       "    }\n",
       "</style>\n",
       "<table border=\"1\" class=\"dataframe\">\n",
       "  <thead>\n",
       "    <tr style=\"text-align: right;\">\n",
       "      <th></th>\n",
       "      <th>zipcode</th>\n",
       "      <th>Zipcode name</th>\n",
       "      <th>City</th>\n",
       "      <th>State</th>\n",
       "      <th>County Name</th>\n",
       "      <th>id</th>\n",
       "      <th>date</th>\n",
       "      <th>price</th>\n",
       "      <th>bedrooms</th>\n",
       "      <th>bathrooms</th>\n",
       "      <th>...</th>\n",
       "      <th>condition</th>\n",
       "      <th>grade</th>\n",
       "      <th>sqft_above</th>\n",
       "      <th>sqft_basement</th>\n",
       "      <th>yr_built</th>\n",
       "      <th>yr_renovated</th>\n",
       "      <th>lat</th>\n",
       "      <th>long</th>\n",
       "      <th>sqft_living15</th>\n",
       "      <th>sqft_lot15</th>\n",
       "    </tr>\n",
       "  </thead>\n",
       "  <tbody>\n",
       "    <tr>\n",
       "      <th>0</th>\n",
       "      <td>98001</td>\n",
       "      <td>AUBURN, WA</td>\n",
       "      <td>AUBURN</td>\n",
       "      <td>WA</td>\n",
       "      <td>KING</td>\n",
       "      <td>7895500070</td>\n",
       "      <td>20150213T000000</td>\n",
       "      <td>240000.0</td>\n",
       "      <td>4</td>\n",
       "      <td>1.0</td>\n",
       "      <td>...</td>\n",
       "      <td>2</td>\n",
       "      <td>7</td>\n",
       "      <td>890</td>\n",
       "      <td>330</td>\n",
       "      <td>1969</td>\n",
       "      <td>0</td>\n",
       "      <td>47.3341</td>\n",
       "      <td>-122.282</td>\n",
       "      <td>1290</td>\n",
       "      <td>7800</td>\n",
       "    </tr>\n",
       "    <tr>\n",
       "      <th>1</th>\n",
       "      <td>98001</td>\n",
       "      <td>AUBURN, WA</td>\n",
       "      <td>AUBURN</td>\n",
       "      <td>WA</td>\n",
       "      <td>KING</td>\n",
       "      <td>3717000160</td>\n",
       "      <td>20141009T000000</td>\n",
       "      <td>287000.0</td>\n",
       "      <td>4</td>\n",
       "      <td>2.5</td>\n",
       "      <td>...</td>\n",
       "      <td>3</td>\n",
       "      <td>7</td>\n",
       "      <td>2240</td>\n",
       "      <td>0</td>\n",
       "      <td>2005</td>\n",
       "      <td>0</td>\n",
       "      <td>47.3378</td>\n",
       "      <td>-122.257</td>\n",
       "      <td>2221</td>\n",
       "      <td>4557</td>\n",
       "    </tr>\n",
       "    <tr>\n",
       "      <th>2</th>\n",
       "      <td>98001</td>\n",
       "      <td>AUBURN, WA</td>\n",
       "      <td>AUBURN</td>\n",
       "      <td>WA</td>\n",
       "      <td>KING</td>\n",
       "      <td>8961960160</td>\n",
       "      <td>20141028T000000</td>\n",
       "      <td>480000.0</td>\n",
       "      <td>4</td>\n",
       "      <td>2.5</td>\n",
       "      <td>...</td>\n",
       "      <td>3</td>\n",
       "      <td>9</td>\n",
       "      <td>2520</td>\n",
       "      <td>710</td>\n",
       "      <td>2001</td>\n",
       "      <td>0</td>\n",
       "      <td>47.3183</td>\n",
       "      <td>-122.253</td>\n",
       "      <td>2640</td>\n",
       "      <td>8517</td>\n",
       "    </tr>\n",
       "    <tr>\n",
       "      <th>3</th>\n",
       "      <td>98001</td>\n",
       "      <td>AUBURN, WA</td>\n",
       "      <td>AUBURN</td>\n",
       "      <td>WA</td>\n",
       "      <td>KING</td>\n",
       "      <td>4014400292</td>\n",
       "      <td>20150114T000000</td>\n",
       "      <td>465000.0</td>\n",
       "      <td>3</td>\n",
       "      <td>2.5</td>\n",
       "      <td>...</td>\n",
       "      <td>3</td>\n",
       "      <td>9</td>\n",
       "      <td>2714</td>\n",
       "      <td>0</td>\n",
       "      <td>2005</td>\n",
       "      <td>0</td>\n",
       "      <td>47.3185</td>\n",
       "      <td>-122.275</td>\n",
       "      <td>2590</td>\n",
       "      <td>18386</td>\n",
       "    </tr>\n",
       "    <tr>\n",
       "      <th>4</th>\n",
       "      <td>98001</td>\n",
       "      <td>AUBURN, WA</td>\n",
       "      <td>AUBURN</td>\n",
       "      <td>WA</td>\n",
       "      <td>KING</td>\n",
       "      <td>1115450240</td>\n",
       "      <td>20141022T000000</td>\n",
       "      <td>360000.0</td>\n",
       "      <td>4</td>\n",
       "      <td>2.5</td>\n",
       "      <td>...</td>\n",
       "      <td>3</td>\n",
       "      <td>9</td>\n",
       "      <td>2160</td>\n",
       "      <td>0</td>\n",
       "      <td>1992</td>\n",
       "      <td>0</td>\n",
       "      <td>47.3341</td>\n",
       "      <td>-122.255</td>\n",
       "      <td>2280</td>\n",
       "      <td>9937</td>\n",
       "    </tr>\n",
       "  </tbody>\n",
       "</table>\n",
       "<p>5 rows × 25 columns</p>\n",
       "</div>"
      ],
      "text/plain": [
       "   zipcode Zipcode name    City State County Name          id  \\\n",
       "0    98001   AUBURN, WA  AUBURN    WA        KING  7895500070   \n",
       "1    98001   AUBURN, WA  AUBURN    WA        KING  3717000160   \n",
       "2    98001   AUBURN, WA  AUBURN    WA        KING  8961960160   \n",
       "3    98001   AUBURN, WA  AUBURN    WA        KING  4014400292   \n",
       "4    98001   AUBURN, WA  AUBURN    WA        KING  1115450240   \n",
       "\n",
       "              date     price  bedrooms  bathrooms  ...  condition  grade  \\\n",
       "0  20150213T000000  240000.0         4        1.0  ...          2      7   \n",
       "1  20141009T000000  287000.0         4        2.5  ...          3      7   \n",
       "2  20141028T000000  480000.0         4        2.5  ...          3      9   \n",
       "3  20150114T000000  465000.0         3        2.5  ...          3      9   \n",
       "4  20141022T000000  360000.0         4        2.5  ...          3      9   \n",
       "\n",
       "   sqft_above  sqft_basement  yr_built  yr_renovated      lat     long  \\\n",
       "0         890            330      1969             0  47.3341 -122.282   \n",
       "1        2240              0      2005             0  47.3378 -122.257   \n",
       "2        2520            710      2001             0  47.3183 -122.253   \n",
       "3        2714              0      2005             0  47.3185 -122.275   \n",
       "4        2160              0      1992             0  47.3341 -122.255   \n",
       "\n",
       "   sqft_living15  sqft_lot15  \n",
       "0           1290        7800  \n",
       "1           2221        4557  \n",
       "2           2640        8517  \n",
       "3           2590       18386  \n",
       "4           2280        9937  \n",
       "\n",
       "[5 rows x 25 columns]"
      ]
     },
     "execution_count": 41,
     "metadata": {
     },
     "output_type": "execute_result"
    }
   ],
   "source": [
    "housePrice = pd.read_csv(\"Data/kc_house_data.csv\")\n",
    "zipcodedf = pd.read_csv(\"Data/usa_zipcode_of_wa.csv\")\n",
    "\n",
    "zipcodedf = zipcodedf.dropna(subset=['City'])\n",
    "zipcodedf = zipcodedf.rename(columns = {\"zip\":\"zipcode\"})\n",
    "\n",
    "zipcodedf['zipcode'] = zipcodedf['zipcode'].astype(int)\n",
    "merged_zip = pd.merge(zipcodedf, housePrice, on =\"zipcode\")\n",
    "merged_zip.head()"
   ]
  },
  {
   "cell_type": "code",
   "execution_count": 38,
   "metadata": {
    "collapsed": false
   },
   "outputs": [
    {
     "name": "stdout",
     "output_type": "stream",
     "text": [
      "<class 'pandas.core.frame.DataFrame'>\n",
      "Int64Index: 21613 entries, 0 to 21612\n",
      "Data columns (total 25 columns):\n",
      " #   Column         Non-Null Count  Dtype  \n",
      "---  ------         --------------  -----  \n",
      " 0   zipcode        21613 non-null  int64  \n",
      " 1   Zipcode name   21613 non-null  object \n",
      " 2   City           21613 non-null  object \n",
      " 3   State          21613 non-null  object \n",
      " 4   County Name    21613 non-null  object \n",
      " 5   id             21613 non-null  int64  \n",
      " 6   date           21613 non-null  object \n",
      " 7   price          21613 non-null  float64\n",
      " 8   bedrooms       21613 non-null  int64  \n",
      " 9   bathrooms      21613 non-null  float64\n",
      " 10  sqft_living    21613 non-null  int64  \n",
      " 11  sqft_lot       21613 non-null  int64  \n",
      " 12  floors         21613 non-null  float64\n",
      " 13  waterfront     21613 non-null  int64  \n",
      " 14  view           21613 non-null  int64  \n",
      " 15  condition      21613 non-null  int64  \n",
      " 16  grade          21613 non-null  int64  \n",
      " 17  sqft_above     21613 non-null  int64  \n",
      " 18  sqft_basement  21613 non-null  int64  \n",
      " 19  yr_built       21613 non-null  int64  \n",
      " 20  yr_renovated   21613 non-null  int64  \n",
      " 21  lat            21613 non-null  float64\n",
      " 22  long           21613 non-null  float64\n",
      " 23  sqft_living15  21613 non-null  int64  \n",
      " 24  sqft_lot15     21613 non-null  int64  \n",
      "dtypes: float64(5), int64(15), object(5)\n",
      "memory usage: 4.3+ MB\n"
     ]
    }
   ],
   "source": [
    "merged_zip.info()"
   ]
  },
  {
   "cell_type": "markdown",
   "metadata": {
    "collapsed": false
   },
   "source": [
    "### Data Visualization\n",
    "\n"
   ]
  },
  {
   "cell_type": "code",
   "execution_count": 58,
   "metadata": {
    "collapsed": false,
    "scrolled": true
   },
   "outputs": [
    {
     "data": {
      "text/html": "<html>\n<head><meta charset=\"utf-8\" /></head>\n<body>\n    <div>            <script src=\"https://cdnjs.cloudflare.com/ajax/libs/mathjax/2.7.5/MathJax.js?config=TeX-AMS-MML_SVG\"></script><script type=\"text/javascript\">if (window.MathJax) {MathJax.Hub.Config({SVG: {font: \"STIX-Web\"}});}</script>                <script type=\"text/javascript\">window.PlotlyConfig = {MathJaxConfig: 'local'};</script>\n        <script src=\"https://cdn.plot.ly/plotly-2.9.0.min.js\"></script>                <div id=\"dcec8344-e14b-4721-94a2-179425bc257a\" class=\"plotly-graph-div\" style=\"height:800px; width:800px;\"></div>            <script type=\"text/javascript\">                                    window.PLOTLYENV=window.PLOTLYENV || {};                                    if (document.getElementById(\"dcec8344-e14b-4721-94a2-179425bc257a\")) {                    Plotly.newPlot(                        \"dcec8344-e14b-4721-94a2-179425bc257a\",                        [{\"coloraxis\":\"coloraxis\",\"name\":\"0\",\"x\":[\"zipcode\",\"id\",\"price\",\"bedrooms\",\"bathrooms\",\"sqft_living\",\"sqft_lot\",\"floors\",\"waterfront\",\"view\",\"condition\",\"grade\",\"sqft_above\",\"sqft_basement\",\"yr_built\",\"yr_renovated\",\"lat\",\"long\",\"sqft_living15\",\"sqft_lot15\"],\"y\":[\"zipcode\",\"id\",\"price\",\"bedrooms\",\"bathrooms\",\"sqft_living\",\"sqft_lot\",\"floors\",\"waterfront\",\"view\",\"condition\",\"grade\",\"sqft_above\",\"sqft_basement\",\"yr_built\",\"yr_renovated\",\"lat\",\"long\",\"sqft_living15\",\"sqft_lot15\"],\"z\":[[1.0,-0.008224324926101962,-0.05320285429821639,-0.15266848681040618,-0.2038662735764095,-0.19943004289536925,-0.12957448631741272,-0.059120641671857314,0.030284727603278508,0.08482691692638114,0.0030255238951153386,-0.1848620929079429,-0.26118997650367864,0.07484460782179245,-0.34686917785557425,0.06435705728844159,0.2670479499811766,-0.5640716064427684,-0.2790329968562204,-0.14722106867127044],[-0.008224324926101962,1.0,-0.016762196614445182,0.0012862772315079595,0.005160231618834278,-0.01225776517251524,-0.13210870152459359,0.01852522915415447,-0.0027210938039850378,0.011592365491011697,-0.023782604594876796,0.008130454124347092,-0.010842134111382488,-0.005151125085848029,0.021380128145111466,-0.016906958648006714,-0.001890932366555974,0.020798585594551465,-0.002901003805329953,-0.1387978658934687],[-0.05320285429821639,-0.016762196614445182,1.0,0.30834959814563745,0.5251375054139642,0.7020350546118004,0.08966086058710013,0.25679388755071964,0.26636943403060176,0.3972934882945021,0.03636178912899797,0.6674342560202335,0.6055672983560736,0.323816020711985,0.05401153149478436,0.12643379344089337,0.30700347999537314,0.021626241039273256,0.5853789035795639,0.08244715251948581],[-0.15266848681040618,0.0012862772315079595,0.30834959814563745,1.0,0.5158836376158276,0.576670692502243,0.03170324294493041,0.17542893521993974,-0.006582478665781289,0.07953185183706347,0.028472104429202262,0.3569667253596054,0.47760016142913636,0.30309337532066216,0.1541780694524759,0.01884082311893735,-0.008931009687624903,0.1294729753317406,0.3916375239688217,0.029244223645589817],[-0.2038662735764095,0.005160231618834278,0.5251375054139642,0.5158836376158276,1.0,0.754665278967373,0.08773966153125981,0.5006531725878729,0.06374362913563719,0.1877370239766424,-0.12498193347933408,0.6649825338780683,0.6853424758761512,0.2837700340046719,0.5060194382852502,0.05073897764806055,0.024572952766078158,0.2230418428726614,0.5686342895782204,0.08717536081752997],[-0.19943004289536925,-0.01225776517251524,0.7020350546118004,0.576670692502243,0.754665278967373,1.0,0.17282566132359975,0.35394929023671523,0.10381781768450056,0.284611186216899,-0.05875258685942598,0.7627044764584695,0.8765965986813135,0.4350429736698206,0.31804876899643336,0.05536292687380445,0.05252946218381959,0.2402232975435117,0.7564202590172131,0.18328555134494626],[-0.12957448631741272,-0.13210870152459359,0.08966086058710013,0.03170324294493041,0.08773966153125981,0.17282566132359975,1.0,-0.005200990872991427,0.021603683276613654,0.07471010556640036,-0.008958249506244617,0.11362112362862814,0.18351228086523275,0.015286201646173033,0.05308036702556951,0.007643505013563334,-0.08568278824257977,0.22952085878476797,0.14460817366654344,0.7185567524330325],[-0.059120641671857314,0.01852522915415447,0.25679388755071964,0.17542893521993974,0.5006531725878729,0.35394929023671523,-0.005200990872991427,1.0,0.023698320254974474,0.02944382023103213,-0.26376794550864674,0.4581825136719511,0.5238847102851543,-0.2457045422736984,0.4893194247436589,0.0063384007586477515,0.04961413102068914,0.12541902806729238,0.2798852650884065,-0.01126918663134148],[0.030284727603278508,-0.0027210938039850378,0.26636943403060176,-0.006582478665781289,0.06374362913563719,0.10381781768450056,0.021603683276613654,0.023698320254974474,1.0,0.40185735069756845,0.016653157443820427,0.08277491386769531,0.07207459167209762,0.08058793895429175,-0.026161085578767767,0.0928848367471003,-0.014273775643858516,-0.04191020013722792,0.08646313607953195,0.030703283138482754],[0.08482691692638114,0.011592365491011697,0.3972934882945021,0.07953185183706347,0.1877370239766424,0.284611186216899,0.07471010556640036,0.02944382023103213,0.40185735069756845,1.0,0.04598973665511067,0.2513205845144928,0.1676493441032499,0.27694657876758294,-0.05343985139232889,0.10391728817392414,0.00615673207927701,-0.07839971230693546,0.2804390819954556,0.07257456781595444],[0.0030255238951153386,-0.023782604594876796,0.03636178912899797,0.028472104429202262,-0.12498193347933408,-0.05875258685942598,-0.008958249506244617,-0.26376794550864674,0.016653157443820427,0.04598973665511067,1.0,-0.14467367120300198,-0.1582136163783328,0.17410491386822444,-0.3614165622486785,-0.06061778657589256,-0.014941006393159935,-0.10650044793616954,-0.09282426801729389,-0.0034055229842122376],[-0.1848620929079429,0.008130454124347092,0.6674342560202335,0.3569667253596054,0.6649825338780683,0.7627044764584695,0.11362112362862814,0.4581825136719511,0.08277491386769531,0.2513205845144928,-0.14467367120300198,1.0,0.7559229376236385,0.16839182490499205,0.4469632049266017,0.01441428072081488,0.11408405711866308,0.19837215305764822,0.7132020930151745,0.11924789717525068],[-0.26118997650367864,-0.010842134111382488,0.6055672983560736,0.47760016142913636,0.6853424758761512,0.8765965986813135,0.18351228086523275,0.5238847102851543,0.07207459167209762,0.1676493441032499,-0.1582136163783328,0.7559229376236385,1.0,-0.05194330677072667,0.4238983516637335,0.023284687865467443,-0.0008164985697025073,0.34380301746051917,0.731870292353985,0.19404986188966844],[0.07484460782179245,-0.005151125085848029,0.323816020711985,0.30309337532066216,0.2837700340046719,0.4350429736698206,0.015286201646173033,-0.2457045422736984,0.08058793895429175,0.27694657876758294,0.17410491386822444,0.16839182490499205,-0.05194330677072667,1.0,-0.13312409890107185,0.07132290174184867,0.11053795797514478,-0.1447647738416383,0.20035498339424399,0.01727618055749469],[-0.34686917785557425,0.021380128145111466,0.05401153149478436,0.1541780694524759,0.5060194382852502,0.31804876899643336,0.05308036702556951,0.4893194247436589,-0.026161085578767767,-0.05343985139232889,-0.3614165622486785,0.4469632049266017,0.4238983516637335,-0.13312409890107185,1.0,-0.2248735184518815,-0.14812240213733868,0.40935620263884426,0.32622889959569634,0.0709579263976815],[0.06435705728844159,-0.016906958648006714,0.12643379344089337,0.01884082311893735,0.05073897764806055,0.05536292687380445,0.007643505013563334,0.0063384007586477515,0.0928848367471003,0.10391728817392414,-0.06061778657589256,0.01441428072081488,0.023284687865467443,0.07132290174184867,-0.2248735184518815,1.0,0.029397609222302588,-0.06837236870283345,-0.002672555449066974,0.007853765039699456],[0.2670479499811766,-0.001890932366555974,0.30700347999537314,-0.008931009687624903,0.024572952766078158,0.05252946218381959,-0.08568278824257977,0.04961413102068914,-0.014273775643858516,0.00615673207927701,-0.014941006393159935,0.11408405711866308,-0.0008164985697025073,0.11053795797514478,-0.14812240213733868,0.029397609222302588,1.0,-0.13551178360919383,0.04885793207697785,-0.08641880718887407],[-0.5640716064427684,0.020798585594551465,0.021626241039273256,0.1294729753317406,0.2230418428726614,0.2402232975435117,0.22952085878476797,0.12541902806729238,-0.04191020013722792,-0.07839971230693546,-0.10650044793616954,0.19837215305764822,0.34380301746051917,-0.1447647738416383,0.40935620263884426,-0.06837236870283345,-0.13551178360919383,1.0,0.33460498382718695,0.25445128774043063],[-0.2790329968562204,-0.002901003805329953,0.5853789035795639,0.3916375239688217,0.5686342895782204,0.7564202590172131,0.14460817366654344,0.2798852650884065,0.08646313607953195,0.2804390819954556,-0.09282426801729389,0.7132020930151745,0.731870292353985,0.20035498339424399,0.32622889959569634,-0.002672555449066974,0.04885793207697785,0.33460498382718695,1.0,0.1831917487040974],[-0.14722106867127044,-0.1387978658934687,0.08244715251948581,0.029244223645589817,0.08717536081752997,0.18328555134494626,0.7185567524330325,-0.01126918663134148,0.030703283138482754,0.07257456781595444,-0.0034055229842122376,0.11924789717525068,0.19404986188966844,0.01727618055749469,0.0709579263976815,0.007853765039699456,-0.08641880718887407,0.25445128774043063,0.1831917487040974,1.0]],\"type\":\"heatmap\",\"xaxis\":\"x\",\"yaxis\":\"y\",\"hovertemplate\":\"x: %{x}<br>y: %{y}<br>color: %{z}<extra></extra>\"}],                        {\"template\":{\"data\":{\"bar\":[{\"error_x\":{\"color\":\"#2a3f5f\"},\"error_y\":{\"color\":\"#2a3f5f\"},\"marker\":{\"line\":{\"color\":\"#E5ECF6\",\"width\":0.5},\"pattern\":{\"fillmode\":\"overlay\",\"size\":10,\"solidity\":0.2}},\"type\":\"bar\"}],\"barpolar\":[{\"marker\":{\"line\":{\"color\":\"#E5ECF6\",\"width\":0.5},\"pattern\":{\"fillmode\":\"overlay\",\"size\":10,\"solidity\":0.2}},\"type\":\"barpolar\"}],\"carpet\":[{\"aaxis\":{\"endlinecolor\":\"#2a3f5f\",\"gridcolor\":\"white\",\"linecolor\":\"white\",\"minorgridcolor\":\"white\",\"startlinecolor\":\"#2a3f5f\"},\"baxis\":{\"endlinecolor\":\"#2a3f5f\",\"gridcolor\":\"white\",\"linecolor\":\"white\",\"minorgridcolor\":\"white\",\"startlinecolor\":\"#2a3f5f\"},\"type\":\"carpet\"}],\"choropleth\":[{\"colorbar\":{\"outlinewidth\":0,\"ticks\":\"\"},\"type\":\"choropleth\"}],\"contour\":[{\"colorbar\":{\"outlinewidth\":0,\"ticks\":\"\"},\"colorscale\":[[0.0,\"#0d0887\"],[0.1111111111111111,\"#46039f\"],[0.2222222222222222,\"#7201a8\"],[0.3333333333333333,\"#9c179e\"],[0.4444444444444444,\"#bd3786\"],[0.5555555555555556,\"#d8576b\"],[0.6666666666666666,\"#ed7953\"],[0.7777777777777778,\"#fb9f3a\"],[0.8888888888888888,\"#fdca26\"],[1.0,\"#f0f921\"]],\"type\":\"contour\"}],\"contourcarpet\":[{\"colorbar\":{\"outlinewidth\":0,\"ticks\":\"\"},\"type\":\"contourcarpet\"}],\"heatmap\":[{\"colorbar\":{\"outlinewidth\":0,\"ticks\":\"\"},\"colorscale\":[[0.0,\"#0d0887\"],[0.1111111111111111,\"#46039f\"],[0.2222222222222222,\"#7201a8\"],[0.3333333333333333,\"#9c179e\"],[0.4444444444444444,\"#bd3786\"],[0.5555555555555556,\"#d8576b\"],[0.6666666666666666,\"#ed7953\"],[0.7777777777777778,\"#fb9f3a\"],[0.8888888888888888,\"#fdca26\"],[1.0,\"#f0f921\"]],\"type\":\"heatmap\"}],\"heatmapgl\":[{\"colorbar\":{\"outlinewidth\":0,\"ticks\":\"\"},\"colorscale\":[[0.0,\"#0d0887\"],[0.1111111111111111,\"#46039f\"],[0.2222222222222222,\"#7201a8\"],[0.3333333333333333,\"#9c179e\"],[0.4444444444444444,\"#bd3786\"],[0.5555555555555556,\"#d8576b\"],[0.6666666666666666,\"#ed7953\"],[0.7777777777777778,\"#fb9f3a\"],[0.8888888888888888,\"#fdca26\"],[1.0,\"#f0f921\"]],\"type\":\"heatmapgl\"}],\"histogram\":[{\"marker\":{\"pattern\":{\"fillmode\":\"overlay\",\"size\":10,\"solidity\":0.2}},\"type\":\"histogram\"}],\"histogram2d\":[{\"colorbar\":{\"outlinewidth\":0,\"ticks\":\"\"},\"colorscale\":[[0.0,\"#0d0887\"],[0.1111111111111111,\"#46039f\"],[0.2222222222222222,\"#7201a8\"],[0.3333333333333333,\"#9c179e\"],[0.4444444444444444,\"#bd3786\"],[0.5555555555555556,\"#d8576b\"],[0.6666666666666666,\"#ed7953\"],[0.7777777777777778,\"#fb9f3a\"],[0.8888888888888888,\"#fdca26\"],[1.0,\"#f0f921\"]],\"type\":\"histogram2d\"}],\"histogram2dcontour\":[{\"colorbar\":{\"outlinewidth\":0,\"ticks\":\"\"},\"colorscale\":[[0.0,\"#0d0887\"],[0.1111111111111111,\"#46039f\"],[0.2222222222222222,\"#7201a8\"],[0.3333333333333333,\"#9c179e\"],[0.4444444444444444,\"#bd3786\"],[0.5555555555555556,\"#d8576b\"],[0.6666666666666666,\"#ed7953\"],[0.7777777777777778,\"#fb9f3a\"],[0.8888888888888888,\"#fdca26\"],[1.0,\"#f0f921\"]],\"type\":\"histogram2dcontour\"}],\"mesh3d\":[{\"colorbar\":{\"outlinewidth\":0,\"ticks\":\"\"},\"type\":\"mesh3d\"}],\"parcoords\":[{\"line\":{\"colorbar\":{\"outlinewidth\":0,\"ticks\":\"\"}},\"type\":\"parcoords\"}],\"pie\":[{\"automargin\":true,\"type\":\"pie\"}],\"scatter\":[{\"marker\":{\"colorbar\":{\"outlinewidth\":0,\"ticks\":\"\"}},\"type\":\"scatter\"}],\"scatter3d\":[{\"line\":{\"colorbar\":{\"outlinewidth\":0,\"ticks\":\"\"}},\"marker\":{\"colorbar\":{\"outlinewidth\":0,\"ticks\":\"\"}},\"type\":\"scatter3d\"}],\"scattercarpet\":[{\"marker\":{\"colorbar\":{\"outlinewidth\":0,\"ticks\":\"\"}},\"type\":\"scattercarpet\"}],\"scattergeo\":[{\"marker\":{\"colorbar\":{\"outlinewidth\":0,\"ticks\":\"\"}},\"type\":\"scattergeo\"}],\"scattergl\":[{\"marker\":{\"colorbar\":{\"outlinewidth\":0,\"ticks\":\"\"}},\"type\":\"scattergl\"}],\"scattermapbox\":[{\"marker\":{\"colorbar\":{\"outlinewidth\":0,\"ticks\":\"\"}},\"type\":\"scattermapbox\"}],\"scatterpolar\":[{\"marker\":{\"colorbar\":{\"outlinewidth\":0,\"ticks\":\"\"}},\"type\":\"scatterpolar\"}],\"scatterpolargl\":[{\"marker\":{\"colorbar\":{\"outlinewidth\":0,\"ticks\":\"\"}},\"type\":\"scatterpolargl\"}],\"scatterternary\":[{\"marker\":{\"colorbar\":{\"outlinewidth\":0,\"ticks\":\"\"}},\"type\":\"scatterternary\"}],\"surface\":[{\"colorbar\":{\"outlinewidth\":0,\"ticks\":\"\"},\"colorscale\":[[0.0,\"#0d0887\"],[0.1111111111111111,\"#46039f\"],[0.2222222222222222,\"#7201a8\"],[0.3333333333333333,\"#9c179e\"],[0.4444444444444444,\"#bd3786\"],[0.5555555555555556,\"#d8576b\"],[0.6666666666666666,\"#ed7953\"],[0.7777777777777778,\"#fb9f3a\"],[0.8888888888888888,\"#fdca26\"],[1.0,\"#f0f921\"]],\"type\":\"surface\"}],\"table\":[{\"cells\":{\"fill\":{\"color\":\"#EBF0F8\"},\"line\":{\"color\":\"white\"}},\"header\":{\"fill\":{\"color\":\"#C8D4E3\"},\"line\":{\"color\":\"white\"}},\"type\":\"table\"}]},\"layout\":{\"annotationdefaults\":{\"arrowcolor\":\"#2a3f5f\",\"arrowhead\":0,\"arrowwidth\":1},\"autotypenumbers\":\"strict\",\"coloraxis\":{\"colorbar\":{\"outlinewidth\":0,\"ticks\":\"\"}},\"colorscale\":{\"diverging\":[[0,\"#8e0152\"],[0.1,\"#c51b7d\"],[0.2,\"#de77ae\"],[0.3,\"#f1b6da\"],[0.4,\"#fde0ef\"],[0.5,\"#f7f7f7\"],[0.6,\"#e6f5d0\"],[0.7,\"#b8e186\"],[0.8,\"#7fbc41\"],[0.9,\"#4d9221\"],[1,\"#276419\"]],\"sequential\":[[0.0,\"#0d0887\"],[0.1111111111111111,\"#46039f\"],[0.2222222222222222,\"#7201a8\"],[0.3333333333333333,\"#9c179e\"],[0.4444444444444444,\"#bd3786\"],[0.5555555555555556,\"#d8576b\"],[0.6666666666666666,\"#ed7953\"],[0.7777777777777778,\"#fb9f3a\"],[0.8888888888888888,\"#fdca26\"],[1.0,\"#f0f921\"]],\"sequentialminus\":[[0.0,\"#0d0887\"],[0.1111111111111111,\"#46039f\"],[0.2222222222222222,\"#7201a8\"],[0.3333333333333333,\"#9c179e\"],[0.4444444444444444,\"#bd3786\"],[0.5555555555555556,\"#d8576b\"],[0.6666666666666666,\"#ed7953\"],[0.7777777777777778,\"#fb9f3a\"],[0.8888888888888888,\"#fdca26\"],[1.0,\"#f0f921\"]]},\"colorway\":[\"#636efa\",\"#EF553B\",\"#00cc96\",\"#ab63fa\",\"#FFA15A\",\"#19d3f3\",\"#FF6692\",\"#B6E880\",\"#FF97FF\",\"#FECB52\"],\"font\":{\"color\":\"#2a3f5f\"},\"geo\":{\"bgcolor\":\"white\",\"lakecolor\":\"white\",\"landcolor\":\"#E5ECF6\",\"showlakes\":true,\"showland\":true,\"subunitcolor\":\"white\"},\"hoverlabel\":{\"align\":\"left\"},\"hovermode\":\"closest\",\"mapbox\":{\"style\":\"light\"},\"paper_bgcolor\":\"white\",\"plot_bgcolor\":\"#E5ECF6\",\"polar\":{\"angularaxis\":{\"gridcolor\":\"white\",\"linecolor\":\"white\",\"ticks\":\"\"},\"bgcolor\":\"#E5ECF6\",\"radialaxis\":{\"gridcolor\":\"white\",\"linecolor\":\"white\",\"ticks\":\"\"}},\"scene\":{\"xaxis\":{\"backgroundcolor\":\"#E5ECF6\",\"gridcolor\":\"white\",\"gridwidth\":2,\"linecolor\":\"white\",\"showbackground\":true,\"ticks\":\"\",\"zerolinecolor\":\"white\"},\"yaxis\":{\"backgroundcolor\":\"#E5ECF6\",\"gridcolor\":\"white\",\"gridwidth\":2,\"linecolor\":\"white\",\"showbackground\":true,\"ticks\":\"\",\"zerolinecolor\":\"white\"},\"zaxis\":{\"backgroundcolor\":\"#E5ECF6\",\"gridcolor\":\"white\",\"gridwidth\":2,\"linecolor\":\"white\",\"showbackground\":true,\"ticks\":\"\",\"zerolinecolor\":\"white\"}},\"shapedefaults\":{\"line\":{\"color\":\"#2a3f5f\"}},\"ternary\":{\"aaxis\":{\"gridcolor\":\"white\",\"linecolor\":\"white\",\"ticks\":\"\"},\"baxis\":{\"gridcolor\":\"white\",\"linecolor\":\"white\",\"ticks\":\"\"},\"bgcolor\":\"#E5ECF6\",\"caxis\":{\"gridcolor\":\"white\",\"linecolor\":\"white\",\"ticks\":\"\"}},\"title\":{\"x\":0.05},\"xaxis\":{\"automargin\":true,\"gridcolor\":\"white\",\"linecolor\":\"white\",\"ticks\":\"\",\"title\":{\"standoff\":15},\"zerolinecolor\":\"white\",\"zerolinewidth\":2},\"yaxis\":{\"automargin\":true,\"gridcolor\":\"white\",\"linecolor\":\"white\",\"ticks\":\"\",\"title\":{\"standoff\":15},\"zerolinecolor\":\"white\",\"zerolinewidth\":2}}},\"xaxis\":{\"anchor\":\"y\",\"domain\":[0.0,1.0],\"scaleanchor\":\"y\",\"constrain\":\"domain\"},\"yaxis\":{\"anchor\":\"x\",\"domain\":[0.0,1.0],\"autorange\":\"reversed\",\"constrain\":\"domain\"},\"coloraxis\":{\"colorscale\":[[0.0,\"#0d0887\"],[0.1111111111111111,\"#46039f\"],[0.2222222222222222,\"#7201a8\"],[0.3333333333333333,\"#9c179e\"],[0.4444444444444444,\"#bd3786\"],[0.5555555555555556,\"#d8576b\"],[0.6666666666666666,\"#ed7953\"],[0.7777777777777778,\"#fb9f3a\"],[0.8888888888888888,\"#fdca26\"],[1.0,\"#f0f921\"]]},\"title\":{\"text\":\"Heat Map\"},\"autosize\":false,\"width\":800,\"height\":800},                        {\"responsive\": true}                    ).then(function(){\n                            \nvar gd = document.getElementById('dcec8344-e14b-4721-94a2-179425bc257a');\nvar x = new MutationObserver(function (mutations, observer) {{\n        var display = window.getComputedStyle(gd).display;\n        if (!display || display === 'none') {{\n            console.log([gd, 'removed!']);\n            Plotly.purge(gd);\n            observer.disconnect();\n        }}\n}});\n\n// Listen for the removal of the full notebook cells\nvar notebookContainer = gd.closest('#notebook-container');\nif (notebookContainer) {{\n    x.observe(notebookContainer, {childList: true});\n}}\n\n// Listen for the clearing of the current output cell\nvar outputEl = gd.closest('.output');\nif (outputEl) {{\n    x.observe(outputEl, {childList: true});\n}}\n\n                        })                };                            </script>        </div>\n</body>\n</html>"
     },
     "execution_count": 58,
     "metadata": {
     },
     "output_type": "execute_result"
    }
   ],
   "source": [
    "fig1 = px.imshow(merged_zip.corr(), title=\"Heat Map\")\n",
    "fig1.update_layout(\n",
    "    autosize=False,\n",
    "    width=800,\n",
    "    height=800)\n",
    "fig1.show()"
   ]
  },
  {
   "cell_type": "markdown",
   "metadata": {
    "collapsed": false
   },
   "source": [
    "Interpretation:\n",
    "\n",
    "The heat map above measures the correlation between each variable from the data set. \n",
    "\n",
    "Here are some examples:\n",
    "\n",
    "- Square feet above and square feet living have a strong correlation of 88%\n",
    "- Square feet lot \\(15\\) and price has a weak correlation of 8%\n",
    "\n"
   ]
  },
  {
   "cell_type": "code",
   "execution_count": 54,
   "metadata": {
    "collapsed": false
   },
   "outputs": [
    {
     "data": {
